>10
5 6 4 2 9 1 8 10 3
>1000
797 793 990 694 968 386 735 610 949 43 114 904 452 309 505 679 304 510 157 530 502 659 40 317 822 985 984 70 811 623 138 635 650 506 852 869 405 592 292 17 82 541 958 370 925 777 363 467 229 532 90 249 83 585 711 235 994 162 930 527
397 617 877 316 163 375 927 205 872 848 713 147 272 553 778 217 589 794 686 280 421 548 979 398 838 812 587 712 482 433 839 324 74 27 738 749 454 909 425 477 535 772 765 18 239 199 245 543 181 286 111 333 340 780 344 759 764 887 220 551
727 945 13 22 615 400 903 193 723 539 116 312 658 952 417 809 45 671 441 133 573 279 940 678 192 960 859 709 999 113 831 30 218 895 596 37 871 693 894 345 241 908 756 865 503 338 336 744 2 814 547 935 446 253 574 582 755 855 64 753
718 79 972 559 328 520 335 257 152 957 740 437 184 447 387 23 379 808 100 366 332 563 20 975 766 456 632 303 722 980 829 564 91 810 236 661 670 287 807 418 110 771 609 677 65 21 581 394 122 700 168 498 232 382 298 788 432 934 858 526
58 836 781 608 208 883 209 188 653 395 933 396 509 955 140 966 414 106 724 825 4 267 956 606 973 351 51 801 942 681 186 507 471 478 128 98 886 728 443 247 196 225 85 501 41 284 983 145 737 915 416 210 792 16 215 362 900 843 107 434
258 550 153 916 458 774 805 166 67 851 948 347 708 492 212 206 699 445 518 720 182 675 78 917 806 483 572 634 1000 953 88 198 605 997 438 319 826 356 545 929 371 35 120 381 963 486 194 302 349 742 938 77 256 891 436 495 947 911 72 784
816 248 327 440 281 512 118 216 987 804 536 690 880 628 689 480 910 8 950 44 697 60 685 914 830 629 388 657 992 546 907 823 430 155 68 637 411 355 365 676 906 103 132 853 230 549 703 329 412 834 124 270 583 730 75 455 652 484 821 403
348 706 94 588 19 487 540 472 448 93 463 941 185 488 854 726 796 102 343 460 667 264 707 560 575 282 203 868 165 870 352 673 470 350 9 621 476 899 178 47 314 10 524 920 1 159 664 978 936 901 278 342 567 633 523 584 613 873 322 171
221 475 757 323 53 974 252 578 931 422 123 577 271 964 525 663 364 167 579 481 158 566 296 696 965 666 268 251 554 399 649 747 86 109 26 313 404 787 261 135 451 191 795 946 896 294 591 288 770 31 175 146 944 977 817 359 864 92 542 902
775 819 624 87 598 407 361 39 14 845 881 704 861 595 469 878 776 656 561 141 134 552 599 898 569 698 716 655 423 967 5 275 688 385 204 884 982 243 305 790 238 988 528 50 262 369 391 928 500 531 986 176 798 339 783 195 142 736 597 508
616 228 277 924 246 651 622 300 285 998 95 682 233 444 785 104 760 36 534 741 148 717 516 46 119 164 732 832 377 213 315 529 149 183 466 971 631 921 521 301 767 571 330 879 672 121 402 959 586 710 299 729 800 820 263 669 926 695 746 130
144 127 154 493 607 189 389 173 479 410 779 866 857 618 954 3 307 748 846 565 207 431 368 52 683 874 320 115 604 226 692 918 223 442 647 170 415 306 913 12 169 84 156 150 69 499 129 833 889 544 401 105 620 641 358 260 882 474 465 619
473 390 860 627 600 654 427 680 380 715 265 63 497 602 705 660 847 131 840 136 419 989 799 62 687 28 702 11 56 603 117 318 970 668 59 143 601 782 190 691 890 969 813 640 426 856 841 34 750 353 734 773 29 289 468 568 457 522 99 719
504 849 15 346 406 33 626 308 827 876 789 511 752 219 341 80 222 108 32 311 490 66 754 893 862 636 842 556 758 644 464 25 763 642 939 55 725 943 200 101 453 227 919 714 837 48 180 211 321 514 151 731 892 762 259 255 125 334 580 24
392 576 932 674 161 828 112 7 494 897 214 376 593 769 818 912 367 160 489 378 761 179 976 922 269 739 519 283 383 38 254 413 73 791 496 81 638 570 224 354 429 537 310 815 459 197 49 274 357 202 424 515 408 611 533 266 187 885 449 996
234 701 139 97 240 360 993 491 991 786 850 995 625 863 250 242 802 384 648 54 42 867 557 646 462 923 291 126 751 71 76 273 612 393 590 485 174 937 888 905 665 89 803 745 558 562 6 61 428 981 57 962 733 337 372 373 231 743 643 639
768 325 374 172 331 297 276 645 137 244 824 555 721 538 290 177 461 513 237 630 662 293 684 409 614 961 450 875 517 844 594 96 951 835 439 326 420 201 295
